    1  206  207  215  216  224  225  233  234  165
   34  242  243  251  252  260  261  269  270  278  279  176
   45  287  288  296  297  305  306  314  315  323  324  165
   45  332  333  341  342  350  351  359  360  176
   56  368  369  377  378  386  387  395  396  187
   66  404  405  413  414  422  423  431  432  155
   67  440  441  449  450  458  459  467  468  198
   77  476  477  485  486  494  495  503  504  512  513  155
   78  521  522  530  531  539  540  548  549  557  558  198
   88  566  567  575  576  584  585  593  594  602  603  166
   89  611  612  620  621  629  630  638  639  647  648  187
   99  656  657  665  666  674  675  683  684  166
  121  692  693  701  702  710  711  719  720  177
  132  728  729  737  738  746  747  755  756  764  765  188
  154  773  774  782  783  791  792  800  801  809  810  177
  154  818  819  827  828  836  837  845  846  188
