    1   96   97  105  106  114  115  123  124   55
    1  132  133  141  142  150  151  159  160  168  169   66
   12  177  178  186  187  195  196  204  205  213  214   55
   12  222  223  231  232  240  241  249  250   66
   23  258  259  267  268  276  277  285  286   77
   33  294  295  303  304  312  313  321  322   45
   34  330  331  339  340  348  349  357  358   88
   44  366  367  375  376  384  385  393  394  402  403   45
    1  411  412  420  421  429  430  438  439  447  448   88
    1  456  457  465  466  474  475  483  484  492  493   56
    1  501  502  510  511  519  520  528  529  537  538   77
    1  546  547  555  556  564  565  573  574   56
    1  582  583  591  592  600  601  609  610   67
    1  618  619  627  628  636  637  645  646  654  655   78
    1  663  664  672  673  681  682  690  691  699  700   67
    1  708  709  717  718  726  727  735  736   78
