    1    1    1  206
    1  207    2  215
    2  216    3  224
    3  225    4  233
    4  234   15  165
    4   34    5  242
    5  243    6  251
    6  252    7  260
    7  261    8  269
    8  270    9  278
    9  279   16  176
    5   45   10  287
   10  288   11  296
   11  297   12  305
   12  306   13  314
   13  315   14  323
   14  324   15  165
    5   45   15  332
   15  333   16  341
   16  342   17  350
   17  351   18  359
   18  360   16  176
    6   56   19  368
   19  369   20  377
   20  378   21  386
   21  387   22  395
   22  396   17  187
    6   66   23  404
   23  405   24  413
   24  414   25  422
   25  423   26  431
   26  432   15  155
    7   67   27  440
   27  441   28  449
   28  450   29  458
   29  459   30  467
   30  468   18  198
    7   77   31  476
   31  477   32  485
   32  486   33  494
   33  495   34  503
   34  504   35  512
   35  513   15  155
    8   78   36  521
   36  522   37  530
   37  531   38  539
   38  540   39  548
   39  549   40  557
   40  558   18  198
    8   88   41  566
   41  567   42  575
   42  576   43  584
   43  585   44  593
   44  594   45  602
   45  603   16  166
    9   89   46  611
   46  612   47  620
   47  621   48  629
   48  630   49  638
   49  639   50  647
   50  648   17  187
    9   99   51  656
   51  657   52  665
   52  666   53  674
   53  675   54  683
   54  684   16  166
   11  121   55  692
   55  693   56  701
   56  702   57  710
   57  711   58  719
   58  720   17  177
   12  132   59  728
   59  729   60  737
   60  738   61  746
   61  747   62  755
   62  756   63  764
   63  765   18  188
   14  154   64  773
   64  774   65  782
   65  783   66  791
   66  792   67  800
   67  801   68  809
   68  810   17  177
   14  154   69  818
   69  819   70  827
   70  828   71  836
   71  837   72  845
   72  846   18  188
