    1   19   20   21   22   15
    4   23   24   25   26   27   16
    5   28   29   30   31   32   15
    5   33   34   35   36   16
    6   37   38   39   40   17
    6   41   42   43   44   15
    7   45   46   47   48   18
    7   49   50   51   52   53   15
    8   54   55   56   57   58   18
    8   59   60   61   62   63   16
    9   64   65   66   67   68   17
    9   69   70   71   72   16
   11   73   74   75   76   17
   12   77   78   79   80   81   18
   14   82   83   84   85   86   17
   14   87   88   89   90   18
