    1    9   10   11   12    5
    1   13   14   15   16   17    6
    2   18   19   20   21   22    5
    2   23   24   25   26    6
    3   27   28   29   30    7
    3   31   32   33   34    5
    4   35   36   37   38    8
    4   39   40   41   42   43    5
    1   44   45   46   47   48    8
    1   49   50   51   52   53    6
    1   54   55   56   57   58    7
    1   59   60   61   62    6
    1   63   64   65   66    7
    1   67   68   69   70   71    8
    1   72   73   74   75   76    7
    1   77   78   79   80    8
